133385
38595
5410
20911
13357
20912
52880
39912
18881
52920
52866
6720
43376
52861
262518
52863
48526
262517
52944
52869
52941
10102
32934
61580
8596
23696
264360
264244
262293
262294
3257
3856
53246
133332
55766
393406
42735
53240
24748
9931
263080
19151
263536
8591
1798
2914
134358
32653
198228
264417
264144
31510
264141
264397
262743
9902
38040
3330
41491
10203
262744
61822
262749
262748
7048
19782
263603
262429
5541
40387
28615
262420
4739
262589
262427
262424
28727
44765
19653
24093
16276
133410
52884
1668
18391
6701
52892
293
52896
6910
35369
17559
263421
28308
35573
263035
52640
17222
61857
61856
4651
4558
56833
45671
25447
25467
16700
12989
132267
262737
32354
24992
262732
262733
262730
5413
262539
11686
263469
196925
35788
263324
263043
263042
263328
52940
263047
263555
264367
28218
262298
262329
1239
2764
10236
45926
18106
27715
9482
6939
24961
52527
58430
28241
2044
28244
262811
61924
26616
61928
6507
13335
53144
263135
53140
53142
53143
262957
262952
28323
6079
22548
262499
53218
262557
265187
262493
9738
262558
24130
262496
20956
52828
4628
9329
52631
22873
10026
52736
52824
3292
17660
60725
28889
63541
852
30971
58989
43996
31298
52688
57169
28663
2635
2688
28666
28665
34779
36926
28669
28141
265131
265130
53242
262787
262784
22431
7703
262780
61568
32614
41695
4777
29049
52911
38726
48943
29084
57634
53072
17978
264217
264215
9930
52858
10094
11644
52856
11537
52758
33771
132740
8932
55658
19754
264602
25152
63949
34279
56308
18705
56654
28219
264073
264071
264179
262673
262672
262671
61898
262676
262675
262377
14361
9125
54073
25011
262474
262778
52751
262470
23930
28657
262777
42541
263678
28163
39396
263672
10362
31287
262988
263453
53179
53178
29582
53175
327997
262983
53171
263514
262588
262476
38716
61951
45796
24482
8245
262607
28360
7543
1280
28364
29667
134363
28368
263589
263569
28154
263072
28598
263070
263071
263075
28591
28590
53102
53104
2687
53107
8426
204028
39792
52775
20751
8387
132142
262478
53088
38714
52573
52571
53082
20771
262355
52579
28624
60447
5580
61663
28186
28187
7595
263567
28183
5588
8492
52686
53070
52681
2152
45177
262301
263297
62239
53078
52689
28210
28211
264389
53224
131285
9534
53221
58621
53222
59715
11835
14840
262428
265317
41897
131165
21574
11271
9326
45838
262505
52951
8339
53061
263990
42909
262502
3561
41095
262412
28637
3245
9909
28132
28131
39311
12302
7545
28138
44203
35339
263327
32098
2906
2905
263451
264420
264424
264425
264427
262790
17635
45903
53075
4818
3303
14204
53001
9381
263525
6663
6660
327766
262435
6667
47692
262828
262981
52888
22085
264902
264226
53005
53154
26496
52887
264552
15958
262700
30844
52696
9443
34347
7713
48115
3741
9822
24203
51859
53008
15133
36236
263126
38082
18065
262725
262727
262726
58408
262720
25431
39251
28001
262830
13445
263332
16397
13495
9505
52977
63199
24516
262318
48285
1221
31019
4181
9129
262317
262310
132586
53043
31543
25575
48917
263099
46786
27724
9873
6539
20657
28250
28257
28254
262865
4826
61935
28258
14537
53133
23128
53131
263415
263416
53135
16154
13004
53139
38158
28311
6360
12136
15926
53037
59318
262540
29081
262545
36948
29405
61581
20940
38955
262604
20530
9583
52625
47748
34569
1916
28176
28175
28310
28173
263584
28171
52803
33047
44654
36408
7568
61785
9942
38321
38327
52872
45474
28670
61650
61652
14650
202109
26415
61570
33517
263877
4761
10474
52967
263308
14026
32590
262609
62715
9658
22689
262544
37305
13064
10089
263073
52846
264268
265198
52840
133895
17557
264349
50629
33764
45500
10158
8928
30583
12956
264009
209
43957
21013
53086
264005
53100
3356
24953
262688
53101
262686
7660
262684
55967
38182
17547
5578
262664
8751
45896
58682
262446
262448
262760
7598
262731
262765
23939
263668
7632
24541
30122
262660
56258
58552
262650
264509
42248
31293
263449
53169
53166
6968
263444
53162
263110
263112
41811
14571
45629
54113
12577
8781
132245
262901
11666
262903
58436
262610
262907
262612
262909
16685
28352
34772
45430
63956
28589
46450
29056
28580
263897
20704
28587
28640
262346
262883
262343
45780
36866
61683
5017
52780
52783
132145
52668
52669
52547
9820
52545
9989
9745
52660
53097
38809
28634
28636
61902
265144
59253
263587
43205
53828
31500
28573
28229
200130
262838
262706
262699
28220
28226
262833
28224
45763
53237
199524
263526
55818
53231
5713
203448
134980
39737
3277
17561
263041
9304
6700
262532
28359
262353
263553
29791
262354
133480
132837
17498
262690
53165
28644
28647
36904
28642
28124
28126
28127
28649
61720
44217
38932
264538
60230
39878
264127
263558
23947
263645
48164
23944
262401
262402
16344
55259
5483
262409
9009
199364
263646
31313
263623
52937
51184
28189
52932
44865
49849
36630
264543
133165
13030
8218
12401
34358
263394
15085
18059
31529
4637
263461
24218
251
7795
263460
262659
262658
29545
262715
8866
262717
262719
15471
49808
52987
34224
52692
52989
263307
263652
263301
263650
263651
53197
53196
53195
198371
53192
263470
53059
10310
52697
1351
52683
53052
53053
263478
53066
28216
15399
23105
263089
262827
263087
264913
25255
202018
5650
49544
58505
28305
42473
28307
28300
28269
28268
28267
262822
61943
61942
28263
28309
53079
53122
262979
53120
263152
2518
263290
263405
262971
6057
34594
262393
28284
28287
38001
262273
28280
28283
33182
262575
22356
134413
52613
34577
52611
52610
5403
37474
52614
52752
62567
262374
262375
262372
12615
263604
45118
44814
37578
7575
28165
28166
51555
28169
15301
263120
134616
28760
263433
4844
15695
28605
28604
61640
7477
24864
28328
28279
61440
28329
14868
6730
38620
52971
37685
37684
52974
1248
263978
11995
12605
58601
262288
52873
13703
52871
37273
52877
3549
38195
52874
52815
10084
24724
132591
7500
262509
44143
9924
61950
265221
263998
264555
15169
17451
54054
264872
264014
16314
264016
17922
22177
262757
262750
262504
262695
24315
28277
6082
6083
55497
262595
6648
263615
262457
38757
262454
31029
38753
43561
18001
61704
264575
39122
1120
14061
286
8220
53158
9892
4773
24381
263432
53152
53118
263124
38883
38880
23074
59469
264311
38280
3130
13414
264492
5511
36351
61864
40627
262620
28349
61869
262938
28667
28340
14463
61860
28343
2497
28347
263357
7607
58580
37105
263353
263162
37100
43061
263054
263055
30081
15982
13147
263663
37109
57463
262333
23673
7604
262336
52650
52797
9268
263541
10733
262891
9498
134119
6453
38830
197264
5769
23576
52556
28140
52551
4800
61914
61915
50360
61913
28233
4809
26609
1853
28239
11039
262808
53013
6067
47624
28338
263535
1251
28335
28334
53018
28331
45102
262807
262526
262488
22652
61784
58901
134075
56294
262481
52720
3267
52838
52836
63516
22381
10030
31800
12455
5089
263484
8953
6423
264335
7160
45352
28158
24441
45603
36914
36915
28151
50507
28152
28155
13237
25332
262344
6830
59605
40191
265341
264527
41059
263544
264523
262413
262365
262417
20406
7018
14633
38719
262794
12735
38924
52908
263296
264295
52900
38657
6762
22822
13124
10143
20665
15808
28668
264202
15772
15802
25211
16735
264062
34368
56035
48362
34288
264069
8771
264590
7642
262666
262667
19551
57344
28143
60202
262444
58587
264135
55865
262669
12971
27446
262464
47872
262462
263661
7162
28146
28571
262704
28577
262469
262761
264116
204281
264447
11432
28145
263314
53180
53181
263508
263466
53184
53185
132132
53187
12895
53062
52691
112
8075
23106
53065
52694
18405
28212
25568
5645
64049
14413
262879
262965
262848
48452
47267
58511
28272
263471
42
28275
24535
265358
20722
135302
16265
1299
16097
8674
28209
53115
53114
53112
53111
2500
133959
28294
262568
28292
20144
53364
262561
262802
45634
52769
28299
21385
35761
52604
21360
131744
262304
38749
262363
28206
27693
28198
52915
28195
28191
197216
28618
4589
263265
41937
262809
263269
25933
28201
7552
28202
